VehicleName	TimeStamp	POS_X	POS_Y	POS_Z	Q_W	Q_X	Q_Y	Q_Z	Throttle	Steering	Brake	Gear	Handbrake	RPM	Speed	ImageFile
PhysXCar	1658166023910	0.000243143	1.27411e-05	3.13626	0.707106	-1.64085e-06	1.90954e-05	0.707107	0	0	0	0	0	0	0	img_PhysXCar__0_1658166023908674700.png
PhysXCar	1658166023995	0.000243143	1.27411e-05	3.13626	0.707106	-1.64085e-06	1.90954e-05	0.707107	0	0	0	0	0	0	0	img_PhysXCar__0_1658166023993208000.png
PhysXCar	1658166024072	0.000243143	1.27411e-05	3.13626	0.707106	-1.64085e-06	1.90954e-05	0.707107	0	0	0	0	0	0	0	img_PhysXCar__0_1658166024071051400.png
PhysXCar	1658166024148	0.000243143	1.27411e-05	3.13626	0.707106	-1.64085e-06	1.90954e-05	0.707107	0	0	0	0	0	0	0	img_PhysXCar__0_1658166024146980700.png
PhysXCar	1658166024225	0.000243143	1.27411e-05	3.13626	0.707106	-1.64085e-06	1.90954e-05	0.707107	0	0	0	0	0	0	0	img_PhysXCar__0_1658166024223447900.png
PhysXCar	1658166024301	0.000243143	1.27411e-05	3.13626	0.707106	-1.64085e-06	1.90954e-05	0.707107	0	0	0	0	0	0	0	img_PhysXCar__0_1658166024299415500.png
PhysXCar	1658166024378	0.000243143	1.27411e-05	3.13626	0.707106	-1.64085e-06	1.90954e-05	0.707107	0	0	0	0	0	0	0	img_PhysXCar__0_1658166024376509000.png
PhysXCar	1658166024456	0.000243143	1.27411e-05	3.13626	0.707106	-1.64085e-06	1.90954e-05	0.707107	0	0	0	0	0	0	0	img_PhysXCar__0_1658166024454497600.png
PhysXCar	1658166024532	0.000243143	1.27411e-05	3.13626	0.707106	-1.64085e-06	1.90954e-05	0.707107	0	0	0	0	0	0	0	img_PhysXCar__0_1658166024530585100.png
PhysXCar	1658166024608	0.000243143	1.27411e-05	3.13626	0.707106	-1.64085e-06	1.90954e-05	0.707107	0	0	0	0	0	0	0	img_PhysXCar__0_1658166024607163600.png
PhysXCar	1658166024686	0.000243143	1.27411e-05	3.13626	0.707106	-1.64085e-06	1.90954e-05	0.707107	0	0	0	0	0	0	0	img_PhysXCar__0_1658166024684622600.png
PhysXCar	1658166024763	0.000243143	1.27411e-05	3.13626	0.707106	-1.64085e-06	1.90954e-05	0.707107	0	0	0	0	0	0	0	img_PhysXCar__0_1658166024761827000.png
PhysXCar	1658166024840	0.000243143	1.27411e-05	3.13626	0.707106	-1.64085e-06	1.90954e-05	0.707107	0	0	0	0	0	0	0	img_PhysXCar__0_1658166024838569300.png
PhysXCar	1658166024915	0.000243143	1.27411e-05	3.13626	0.707106	-1.64085e-06	1.90954e-05	0.707107	0	0	0	0	0	0	0	img_PhysXCar__0_1658166024913670700.png
PhysXCar	1658166024991	0.000243143	1.27411e-05	3.13626	0.707106	-1.64085e-06	1.90954e-05	0.707107	0	0	0	0	0	0	0	img_PhysXCar__0_1658166024989570200.png
PhysXCar	1658166025067	0.000243143	1.27411e-05	3.13626	0.707106	-1.64085e-06	1.90954e-05	0.707107	0	0	0	0	0	0	0	img_PhysXCar__0_1658166025065341700.png
PhysXCar	1658166025144	0.000243143	1.27411e-05	3.13626	0.707106	-1.64085e-06	1.90954e-05	0.707107	0	0	0	0	0	0	0	img_PhysXCar__0_1658166025142483400.png
PhysXCar	1658166025220	0.000243143	1.27411e-05	3.13626	0.707106	-1.64085e-06	1.90954e-05	0.707107	0	0	0	0	0	0	0	img_PhysXCar__0_1658166025218348400.png
PhysXCar	1658166025296	0.000243143	1.27411e-05	3.13626	0.707106	-1.64085e-06	1.90954e-05	0.707107	0	0	0	0	0	0	0	img_PhysXCar__0_1658166025294206700.png
PhysXCar	1658166025373	0.000243143	1.27411e-05	3.13626	0.707106	-1.64085e-06	1.90954e-05	0.707107	0	0	0	0	0	0	0	img_PhysXCar__0_1658166025371403500.png
PhysXCar	1658166025449	0.000243143	1.27411e-05	3.13626	0.707106	-1.64085e-06	1.90954e-05	0.707107	0	0	0	0	0	0	0	img_PhysXCar__0_1658166025447304900.png
PhysXCar	1658166025526	0.000243143	1.27411e-05	3.13626	0.707106	-1.64085e-06	1.90954e-05	0.707107	1	0	0	0	0	25.3723	2.1984e-05	img_PhysXCar__0_1658166025524451300.png
PhysXCar	1658166025602	0.000244723	1.0519e-05	3.13802	0.707106	1.68036e-06	1.84548e-05	0.707107	1	0	0	0	0	148.511	2.29291e-05	img_PhysXCar__0_1658166025600955100.png
PhysXCar	1658166025679	0.000247358	8.29696e-06	3.13769	0.707106	5.80859e-06	1.86212e-05	0.707107	1	0	0	0	0	389.73	1.8098e-05	img_PhysXCar__0_1658166025678702400.png
PhysXCar	1658166025733	0.00024943	6.89506e-06	3.13822	0.707106	7.78036e-06	1.89071e-05	0.707107	1	0	0	0	0	612.002	1.57557e-05	img_PhysXCar__0_1658166025732505300.png
PhysXCar	1658166025812	0.000251964	5.38826e-06	3.13671	0.707106	1.20408e-05	1.97958e-05	0.707107	1	0	0	0	0	918.438	1.12304e-05	img_PhysXCar__0_1658166025810443200.png
PhysXCar	1658166025889	0.000254048	4.32968e-06	3.13601	0.707106	1.4676e-05	2.04923e-05	0.707107	1	0	0	0	0	1221.77	8.85361e-06	img_PhysXCar__0_1658166025887729800.png
PhysXCar	1658166025967	0.000255667	3.49998e-06	3.13559	0.707106	1.5751e-05	2.08086e-05	0.707107	1	0	0	0	0	1274.67	6.85184e-06	img_PhysXCar__0_1658166025966017100.png
PhysXCar	1658166026043	0.000256823	2.84195e-06	3.13531	0.707106	1.74557e-05	2.12489e-05	0.707107	1	0	0	0	0	1245.32	4.57545e-06	img_PhysXCar__0_1658166026042302500.png
PhysXCar	1658166026119	0.000257743	1.90781e-08	3.13511	0.707107	2.479e-05	1.61077e-05	0.707107	1	0	0	1	0	1249.53	0.120813	img_PhysXCar__0_1658166026118184300.png
PhysXCar	1658166026195	0.000255423	0.0116341	3.13483	0.707106	-0.000314078	0.000355804	0.707108	1	0	0	1	0	1416.43	0.350772	img_PhysXCar__0_1658166026193992200.png
PhysXCar	1658166026272	0.000252995	0.0384656	3.1346	0.707105	-0.000636159	0.000678654	0.707108	1	0	0	1	0	1586.35	0.572652	img_PhysXCar__0_1658166026270474700.png
PhysXCar	1658166026348	0.000249767	0.0798834	3.13442	0.707103	-0.000884935	0.000928054	0.707109	1	0	0	1	0	1757.05	0.789898	img_PhysXCar__0_1658166026347298600.png
PhysXCar	1658166026425	0.000245943	0.135618	3.13429	0.707102	-0.00106674	0.00111031	0.70711	1	0	0	1	0	1927.88	1.00378	img_PhysXCar__0_1658166026423706900.png
PhysXCar	1658166026501	0.000241545	0.205461	3.13419	0.7071	-0.00119684	0.00124068	0.707112	1	0	0	1	0	2098.44	1.21482	img_PhysXCar__0_1658166026499718200.png
PhysXCar	1658166026577	0.000236585	0.289267	3.13412	0.707098	-0.00128878	0.00133284	0.707113	1	0	0	1	0	2268.54	1.42343	img_PhysXCar__0_1658166026575862400.png
PhysXCar	1658166026654	0.000230818	0.386899	3.13408	0.707096	-0.00135292	0.00139708	0.707115	1	0	0	1	0	2438.04	1.62991	img_PhysXCar__0_1658166026653142200.png
PhysXCar	1658166026731	0.000224102	0.498237	3.13404	0.707094	-0.00139689	0.00144111	0.707117	1	0	0	1	0	2606.81	1.8345	img_PhysXCar__0_1658166026729224600.png
PhysXCar	1658166026806	0.000216227	0.623158	3.13402	0.707092	-0.00142636	0.00147056	0.707119	1	0	0	1	0	2774.73	2.03738	img_PhysXCar__0_1658166026804657400.png
PhysXCar	1658166026883	0.000207038	0.761564	3.134	0.70709	-0.00144539	0.00148954	0.707121	1	0	0	1	0	2941.73	2.23872	img_PhysXCar__0_1658166026881373000.png
PhysXCar	1658166026959	0.000196251	0.913359	3.13399	0.707087	-0.00145695	0.001501	0.707123	1	0	0	1	0	3107.74	2.43866	img_PhysXCar__0_1658166026958125600.png
PhysXCar	1658166027037	0.000183706	1.07845	3.13398	0.707085	-0.00146322	0.00150721	0.707126	1	0	0	1	0	3272.69	2.63732	img_PhysXCar__0_1658166027035397100.png
PhysXCar	1658166027114	0.000169093	1.25677	3.13397	0.707082	-0.00146579	0.00150969	0.707128	1	0	0	1	0	3436.55	2.83479	img_PhysXCar__0_1658166027112655200.png
PhysXCar	1658166027191	0.000152287	1.44824	3.13397	0.707079	-0.00146581	0.00150959	0.707131	1	0	0	1	0	3599.29	3.03116	img_PhysXCar__0_1658166027188991700.png
PhysXCar	1658166027266	0.000132952	1.65278	3.13397	0.707077	-0.00146402	0.00150767	0.707134	1	0	0	1	0	3760.87	3.2265	img_PhysXCar__0_1658166027264992800.png
PhysXCar	1658166027343	0.000110813	1.87032	3.13397	0.707074	-0.00146101	0.00150452	0.707137	1	0	0	1	0	3921.26	3.42088	img_PhysXCar__0_1658166027341723500.png
PhysXCar	1658166027421	8.56918e-05	2.10081	3.13397	0.707071	-0.00145734	0.00150078	0.70714	1	0	0	1	0	4080.45	3.61436	img_PhysXCar__0_1658166027420341700.png
PhysXCar	1658166027498	5.71804e-05	2.34419	3.13397	0.707067	-0.00145317	0.00149643	0.707143	1	0	0	1	0	4238.42	3.80698	img_PhysXCar__0_1658166027497111000.png
PhysXCar	1658166027575	2.51263e-05	2.6004	3.13397	0.707064	-0.0014488	0.00149196	0.707146	1	0	0	1	0	4395.17	3.99877	img_PhysXCar__0_1658166027573399200.png
PhysXCar	1658166027651	-1.08895e-05	2.86938	3.13397	0.707061	-0.00144424	0.00148725	0.70715	1	0	0	1	0	4550.68	4.18972	img_PhysXCar__0_1658166027650084100.png
PhysXCar	1658166027728	-5.11678e-05	3.15108	3.13397	0.707057	-0.00143968	0.00148253	0.707153	1	0	0	1	0	4704.95	4.37994	img_PhysXCar__0_1658166027726513300.png
PhysXCar	1658166027806	-9.6017e-05	3.44546	3.13398	0.707054	-0.00143524	0.00147795	0.707157	1	0	0	1	0	4857.96	4.56944	img_PhysXCar__0_1658166027804774600.png
PhysXCar	1658166027884	-0.000145782	3.75237	3.13398	0.70705	-0.00142409	0.00146668	0.707161	1	0	0	0	0	4905.98	4.67309	img_PhysXCar__0_1658166027882028000.png
PhysXCar	1658166027961	-0.000197739	4.06323	3.13408	0.707047	-0.00116907	0.00121156	0.707164	1	0	0	0	0	4793	4.66414	img_PhysXCar__0_1658166027959773600.png
PhysXCar	1658166028040	-0.00024931	4.37361	3.13419	0.707047	-0.000889059	0.000931604	0.707165	1	0	0	2	0	4241.04	4.71927	img_PhysXCar__0_1658166028038727200.png
PhysXCar	1658166028116	-0.000302867	4.69108	3.13418	0.707046	-0.000909269	0.000951855	0.707166	1	0	0	2	0	4257.26	4.93572	img_PhysXCar__0_1658166028114822200.png
PhysXCar	1658166028193	-0.000361579	5.02302	3.13413	0.707044	-0.00104009	0.00108268	0.707168	1	0	0	2	0	4232.82	5.20016	img_PhysXCar__0_1658166028191737800.png
PhysXCar	1658166028270	-0.000426899	5.37255	3.13105	0.707039	-0.0013074	0.00135004	0.707172	1	0	0	2	0	4206.75	5.4337	img_PhysXCar__0_1658166028269077500.png
PhysXCar	1658166028348	-0.000500088	5.73912	3.1316	0.707034	-0.00146224	0.00150473	0.707176	1	0	0	2	0	4147.59	5.81073	img_PhysXCar__0_1658166028346779200.png
PhysXCar	1658166028425	-0.000582552	6.12619	3.13189	0.707028	-0.00161253	0.00165478	0.707182	1	0	0	2	0	4098.8	6.05413	img_PhysXCar__0_1658166028423619400.png
PhysXCar	1658166028502	-0.000675316	6.53167	3.1321	0.707022	-0.00174696	0.00178882	0.707187	1	0	0	2	0	4056.25	6.24689	img_PhysXCar__0_1658166028500892600.png
PhysXCar	1658166028579	-0.000775936	6.95284	3.13229	0.707019	-0.0017834	0.00182496	0.70719	1	0	0	2	0	4018.92	6.60426	img_PhysXCar__0_1658166028577937600.png
PhysXCar	1658166028655	-0.000886312	7.39389	3.13241	0.707014	-0.00184761	0.00188905	0.707194	1	0	0	2	0	3989.78	6.79217	img_PhysXCar__0_1658166028653685600.png
PhysXCar	1658166028732	-0.00100524	7.85049	3.13252	0.707011	-0.00184782	0.00188909	0.707197	1	0	0	2	0	3965.63	7.10928	img_PhysXCar__0_1658166028730500200.png
PhysXCar	1658166028809	-0.00113491	8.32561	3.13259	0.707005	-0.00187833	0.00191944	0.707204	1	0	0	2	0	3948.66	7.28266	img_PhysXCar__0_1658166028807048400.png
PhysXCar	1658166028885	-0.00127586	8.81515	3.13267	0.707	-0.00184896	0.00188972	0.707209	1	0	0	2	0	3936.37	7.59116	img_PhysXCar__0_1658166028884318700.png
PhysXCar	1658166028962	-0.00142905	9.32271	3.13271	0.706994	-0.00186597	0.00190643	0.707214	1	0	0	2	0	3930.52	7.76039	img_PhysXCar__0_1658166028960672900.png
PhysXCar	1658166029038	-0.00159358	9.84404	3.13276	0.70699	-0.00182223	0.00186233	0.707219	1	0	0	2	0	3928.83	8.05283	img_PhysXCar__0_1658166029036641100.png
PhysXCar	1658166029115	-0.00177086	10.3827	3.13279	0.706985	-0.00182883	0.00186871	0.707224	1	0	0	2	0	3932.73	8.22511	img_PhysXCar__0_1658166029113727200.png
PhysXCar	1658166029192	-0.00196009	10.9348	3.13283	0.70698	-0.00178002	0.00181958	0.707229	1	0	0	2	0	3940.26	8.5	img_PhysXCar__0_1658166029191073200.png
PhysXCar	1658166029268	-0.00216265	11.5035	3.13284	0.706975	-0.00177914	0.00181852	0.707234	1	0	0	2	0	3952.56	8.67539	img_PhysXCar__0_1658166029267033400.png
PhysXCar	1658166029345	-0.00237772	12.0853	3.13288	0.70697	-0.00173134	0.00177056	0.707239	0	0	0	2	0	3633.2	8.92988	img_PhysXCar__0_1658166029344175700.png
PhysXCar	1658166029423	-0.00260616	12.6816	3.13292	0.706966	-0.00165316	0.00169229	0.707244	0	0	0	0	0	3564.51	8.93311	img_PhysXCar__0_1658166029421871000.png
PhysXCar	1658166029500	-0.00283928	13.2775	3.13309	0.706966	-0.00122277	0.00126188	0.707245	0	0.5	0	0	0	3482.63	8.9808	img_PhysXCar__0_1658166029498972900.png
PhysXCar	1658166029577	-0.0108757	13.8744	3.13321	0.704743	-0.00129588	0.000622093	0.709462	0	0.5	0	1	0	3151.21	8.90615	img_PhysXCar__0_1658166029575447100.png
PhysXCar	1658166029655	-0.0367027	14.4668	3.13335	0.698132	-0.00182597	-0.0006332	0.715967	0	0.5	0	1	0	2801.47	8.8427	img_PhysXCar__0_1658166029653828000.png
PhysXCar	1658166029735	-0.086963	15.0518	3.13349	0.686806	-0.00274181	-0.00233437	0.726832	0	0.5	0	1	0	2511.65	8.68404	img_PhysXCar__0_1658166029733321800.png
PhysXCar	1658166029818	-0.162279	15.6243	3.13363	0.672266	-0.00364346	-0.00413253	0.74029	0	0.5	0	1	0	2272.14	8.55838	img_PhysXCar__0_1658166029816128500.png
PhysXCar	1658166029900	-0.266473	16.2163	3.13375	0.655828	-0.00435009	-0.00574369	0.754876	0	0.5	0	1	0	2062.14	8.34926	img_PhysXCar__0_1658166029898655300.png
PhysXCar	1658166029983	-0.386473	16.758	3.13385	0.639864	-0.00470395	-0.00697726	0.768442	0	0	0	1	0	1898.66	8.20956	img_PhysXCar__0_1658166029982340300.png
PhysXCar	1658166030067	-0.513846	17.2873	3.13393	0.628168	-0.00440498	-0.00714448	0.778032	0	0	0	1	0	1757.79	8.00796	img_PhysXCar__0_1658166030065615300.png
PhysXCar	1658166030150	-0.637583	17.839	3.134	0.625049	-0.003048	-0.0059358	0.780557	1	0	0	1	0	1684.87	7.8469	img_PhysXCar__0_1658166030149294700.png
PhysXCar	1658166030233	-0.757323	18.3735	3.13403	0.62465	-0.00188908	-0.00468516	0.780888	1	0	0	1	0	1821.13	7.56046	img_PhysXCar__0_1658166030231941800.png
PhysXCar	1658166030314	-0.867931	18.8649	3.13406	0.624628	-0.000941214	-0.0037378	0.780913	1	0	0	1	0	2137.03	7.4571	img_PhysXCar__0_1658166030312266400.png
PhysXCar	1658166030395	-0.9769	19.3484	3.13404	0.624595	-0.000322616	-0.00287079	0.780944	1	0.5	0	1	0	2481.12	7.33883	img_PhysXCar__0_1658166030393171300.png
PhysXCar	1658166030477	-1.09261	19.8235	3.134	0.621951	-0.000266044	-0.0025911	0.783051	1	0.5	0	1	0	2792.34	7.28958	img_PhysXCar__0_1658166030475687800.png
PhysXCar	1658166030558	-1.22496	20.2904	3.13394	0.61434	-0.000838237	-0.00304081	0.789035	1	0.5	0	1	0	3079.72	7.22507	img_PhysXCar__0_1658166030556234300.png
PhysXCar	1658166030637	-1.37961	20.7473	3.13389	0.601443	-0.00178652	-0.00407693	0.798904	1	0	0	1	0	3346.65	7.23676	img_PhysXCar__0_1658166030635517800.png
PhysXCar	1658166030717	-1.54253	21.2027	3.1338	0.590402	-0.00229844	-0.00428505	0.807095	1	0	0	1	0	3595.82	7.28026	img_PhysXCar__0_1658166030716030500.png
PhysXCar	1658166030797	-1.69456	21.665	3.13371	0.58782	-0.00184575	-0.00313328	0.808983	1	0	0	1	0	3822.9	7.35867	img_PhysXCar__0_1658166030796078000.png
PhysXCar	1658166030878	-1.84668	22.133	3.13362	0.587797	-0.00147498	-0.00206089	0.809005	1	0	0	1	0	4034.49	7.45633	img_PhysXCar__0_1658166030876819400.png
PhysXCar	1658166030958	-2.00244	22.6068	3.13353	0.587036	-0.00129015	-0.00132117	0.809558	1	0.5	0	1	0	4239.26	7.55563	img_PhysXCar__0_1658166030956684300.png
PhysXCar	1658166031038	-2.17436	23.082	3.13348	0.582041	-0.00166479	-0.00152113	0.813156	1	0.5	0	1	0	4437.95	7.64735	img_PhysXCar__0_1658166031036511400.png
PhysXCar	1658166031118	-2.36872	23.5554	3.13344	0.571024	-0.00243509	-0.00245665	0.820926	1	0.5	0	1	0	4631.21	7.73711	img_PhysXCar__0_1658166031116810600.png
PhysXCar	1658166031199	-2.59007	24.0238	3.13342	0.555193	-0.0034265	-0.00389189	0.831706	1	0.5	0	1	0	4815.81	7.8477	img_PhysXCar__0_1658166031198120000.png
PhysXCar	1658166031278	-2.83521	24.489	3.13338	0.537038	-0.00425921	-0.00514249	0.843532	1	0	0	0	0	5037.19	8.00282	img_PhysXCar__0_1658166031277272500.png
PhysXCar	1658166031359	-3.08946	24.9562	3.13341	0.52389	-0.00423902	-0.0054114	0.851758	1	0	0	0	0	4921.52	7.93385	img_PhysXCar__0_1658166031357441000.png
PhysXCar	1658166031439	-3.33309	25.4261	3.13347	0.520297	-0.00327527	-0.0043101	0.853968	1	0	0	0	0	4808.5	7.97515	img_PhysXCar__0_1658166031438152300.png
PhysXCar	1658166031519	-3.57664	25.8982	3.13347	0.520063	-0.00253054	-0.00314022	0.854119	1	0	0	2	0	4539	8.12037	img_PhysXCar__0_1658166031518149600.png
PhysXCar	1658166031600	-3.82816	26.3819	3.13332	0.519349	-0.00243442	-0.00198314	0.854557	1	0.5	0	2	0	4520.37	8.35737	img_PhysXCar__0_1658166031599042400.png
PhysXCar	1658166031680	-4.09924	26.8725	3.13322	0.514392	-0.00272883	-0.00183573	0.857549	1	0.5	0	2	0	4511.81	8.57184	img_PhysXCar__0_1658166031678224000.png
PhysXCar	1658166031761	-4.39602	27.3646	3.13316	0.503214	-0.00334992	-0.0025841	0.864152	1	0.5	0	2	0	4512.22	8.77083	img_PhysXCar__0_1658166031759315000.png
PhysXCar	1658166031841	-4.72306	27.8532	3.13313	0.486719	-0.00418397	-0.00399588	0.87354	1	0.5	0	2	0	4511.74	8.9763	img_PhysXCar__0_1658166031839640300.png
PhysXCar	1658166031920	-5.07841	28.3389	3.1331	0.467665	-0.00492873	-0.00538969	0.883876	1	0.5	0	2	0	4512.79	9.19584	img_PhysXCar__0_1658166031918568900.png
PhysXCar	1658166031999	-5.46219	28.8208	3.13308	0.44802	-0.00549569	-0.006647	0.893982	1	0.5	0	2	0	4517.47	9.40141	img_PhysXCar__0_1658166031998188700.png
PhysXCar	1658166032080	-5.89301	29.3171	3.13307	0.427007	-0.0058918	-0.00780388	0.904195	1	0.5	0	2	0	4525.83	9.62252	img_PhysXCar__0_1658166032078621900.png
PhysXCar	1658166032160	-6.33537	29.785	3.13306	0.406752	-0.00612066	-0.00874756	0.913476	1	0.5	0	2	0	4537.41	9.8201	img_PhysXCar__0_1658166032158827000.png
PhysXCar	1658166032240	-6.8064	30.2432	3.13306	0.386258	-0.00622164	-0.00955991	0.92232	1	0	0	2	0	4548.75	10.0371	img_PhysXCar__0_1658166032238406400.png
PhysXCar	1658166032317	-7.29889	30.7	3.13305	0.370264	-0.00607004	-0.00947127	0.928858	1	0	0	2	0	4566.13	10.2466	img_PhysXCar__0_1658166032316289000.png
PhysXCar	1658166032398	-7.83988	31.2045	3.13304	0.364212	-0.00539833	-0.00783704	0.931267	1	0	0	2	0	4579.34	10.4783	img_PhysXCar__0_1658166032397241000.png
PhysXCar	1658166032482	-8.35453	31.6808	3.13302	0.36289	-0.00477799	-0.00617833	0.931799	1	0.5	0	2	0	4594.35	10.6849	img_PhysXCar__0_1658166032480381300.png
PhysXCar	1658166032563	-8.88488	32.1601	3.133	0.360189	-0.00430079	-0.00499781	0.932856	1	0.5	0	2	0	4617.48	10.8789	img_PhysXCar__0_1658166032562209500.png
PhysXCar	1658166032643	-9.43605	32.6349	3.13301	0.352496	-0.00408841	-0.00471418	0.935793	1	0.5	0	2	0	4647.7	11.0553	img_PhysXCar__0_1658166032641772100.png
PhysXCar	1658166032722	-10.0117	33.0983	3.13303	0.338943	-0.00413309	-0.00533517	0.940783	1	0.5	0	2	0	4681.08	11.2254	img_PhysXCar__0_1658166032720786900.png
PhysXCar	1658166032802	-10.6133	33.547	3.13305	0.321194	-0.00433865	-0.00647524	0.946981	1	0.5	0	2	0	4712.66	11.4026	img_PhysXCar__0_1658166032800707000.png
PhysXCar	1658166032882	-11.2403	33.9804	3.13306	0.301883	-0.00455298	-0.00773078	0.953303	1	0.5	0	2	0	4745.24	11.5788	img_PhysXCar__0_1658166032880378400.png
PhysXCar	1658166032961	-11.8928	34.3963	3.13307	0.282075	-0.00471188	-0.00897592	0.959339	1	0.5	0	2	0	4779.49	11.7518	img_PhysXCar__0_1658166032959595600.png
PhysXCar	1658166033041	-12.5706	34.7927	3.13307	0.262163	-0.00479343	-0.0101314	0.964959	1	0.5	0	2	0	4815.25	11.922	img_PhysXCar__0_1658166033039595500.png
PhysXCar	1658166033121	-13.2731	35.168	3.13308	0.242298	-0.00479324	-0.0111463	0.970126	1	0	0	2	0	4848.13	12.1023	img_PhysXCar__0_1658166033119720300.png
PhysXCar	1658166033201	-13.9965	35.5298	3.13308	0.226325	-0.00469195	-0.0113693	0.973974	0	0	0	2	0	4736.76	12.2909	img_PhysXCar__0_1658166033199704100.png
PhysXCar	1658166033280	-14.7339	35.8922	3.13308	0.219581	-0.00438037	-0.0102643	0.97553	0	0	0	2	0	4142.92	12.4703	img_PhysXCar__0_1658166033278740200.png
PhysXCar	1658166033358	-15.4847	36.2532	3.13309	0.217417	-0.00398486	-0.008797	0.976031	0	0	0	2	0	3503.4	12.6086	img_PhysXCar__0_1658166033357371100.png
PhysXCar	1658166033438	-16.245	36.613	3.13314	0.216789	-0.00342005	-0.0072218	0.976186	1	0.5	0	0	0	3422.95	12.6253	img_PhysXCar__0_1658166033436371500.png
PhysXCar	1658166033516	-17.0086	36.9651	3.13325	0.214364	-0.00269231	-0.00606727	0.976731	1	0.5	0	0	0	3344.34	12.6077	img_PhysXCar__0_1658166033514692100.png
PhysXCar	1658166033594	-17.805	37.3133	3.13335	0.206658	-0.00218224	-0.00572485	0.978394	1	0.5	0	1	0	3401.48	12.5059	img_PhysXCar__0_1658166033593238600.png
PhysXCar	1658166033674	-18.5753	37.6245	3.13352	0.193717	-0.0015791	-0.00629517	0.981036	1	0.5	0	1	0	3744.12	12.3529	img_PhysXCar__0_1658166033673022400.png
PhysXCar	1658166033754	-19.3465	37.9071	3.13364	0.176755	-0.00123097	-0.0073845	0.984226	1	0.5	0	1	0	4067.27	12.2308	img_PhysXCar__0_1658166033752197400.png
PhysXCar	1658166033833	-20.1195	38.1606	3.13371	0.158068	-0.0010487	-0.00863308	0.98739	1	0.5	0	1	0	4370.66	12.1377	img_PhysXCar__0_1658166033831467200.png
PhysXCar	1658166033911	-20.8957	38.3841	3.13374	0.13865	-0.000949036	-0.00989421	0.990291	1	0.5	0	1	0	4655.28	12.0717	img_PhysXCar__0_1658166033909459700.png
PhysXCar	1658166033989	-21.6761	38.5767	3.13375	0.118891	-0.000880986	-0.0110664	0.992845	1	0.5	0	1	0	4922.4	12.0308	img_PhysXCar__0_1658166033987722400.png
PhysXCar	1658166034068	-22.4611	38.7379	3.13374	0.0988897	-0.000813556	-0.0120911	0.995025	0	0.5	0	1	0	5020.72	12.013	img_PhysXCar__0_1658166034066891800.png
PhysXCar	1658166034146	-23.2507	38.8675	3.13372	0.0788864	-0.000717311	-0.0129052	0.9968	0	0	0	1	0	4578.2	12.0039	img_PhysXCar__0_1658166034144943600.png
PhysXCar	1658166034224	-24.0422	38.9799	3.13372	0.0648512	-0.000563858	-0.0125901	0.997815	0	0	0	1	0	4045.02	11.9529	img_PhysXCar__0_1658166034222899800.png
PhysXCar	1658166034303	-24.8306	39.0862	3.13375	0.0596174	-0.000312277	-0.0111431	0.998159	0	0	0	1	0	3599.91	11.8569	img_PhysXCar__0_1658166034301674000.png
PhysXCar	1658166034381	-25.6131	39.1844	3.13379	0.0579848	-1.25773e-05	-0.00946075	0.998273	0	0	0	1	0	3226.54	11.7271	img_PhysXCar__0_1658166034380424700.png
PhysXCar	1658166034462	-26.3873	39.2762	3.13384	0.0571185	0.00031449	-0.00776331	0.998337	0	0.5	0	1	0	2910.54	11.5702	img_PhysXCar__0_1658166034460251000.png
PhysXCar	1658166034540	-27.1521	39.3539	3.1339	0.0523918	0.000647673	-0.00676231	0.998603	0	0.5	0	1	0	2641.59	11.3879	img_PhysXCar__0_1658166034539033000.png
PhysXCar	1658166034618	-27.9062	39.4107	3.13396	0.0420574	0.000981056	-0.00663333	0.999093	0	0	0	1	0	2416.17	11.1876	img_PhysXCar__0_1658166034616695400.png
PhysXCar	1658166034697	-28.6479	39.4544	3.13403	0.0318322	0.00127083	-0.00637236	0.999472	0	0	0	1	0	2226.59	10.9813	img_PhysXCar__0_1658166034695248400.png
PhysXCar	1658166034776	-29.3756	39.4988	3.13408	0.0281858	0.00150874	-0.00532884	0.999587	0	0	0	1	0	2067.13	10.76	img_PhysXCar__0_1658166034774041000.png
PhysXCar	1658166034853	-30.0888	39.5398	3.13413	0.0270861	0.00171799	-0.00433898	0.999622	0	0.5	0	1	0	1930.3	10.5299	img_PhysXCar__0_1658166034852177500.png
PhysXCar	1658166034932	-30.787	39.5694	3.13417	0.0232104	0.00190386	-0.00399417	0.999721	0	0.5	0	1	0	1810.49	10.2897	img_PhysXCar__0_1658166034930616800.png
PhysXCar	1658166035010	-31.47	39.5799	3.13421	0.0137596	0.00209456	-0.00444765	0.999893	0	0.5	0	1	0	1704.91	10.0366	img_PhysXCar__0_1658166035009150200.png
PhysXCar	1658166035086	-32.1356	39.5648	3.13426	0.0017272	-0.0023256	0.00560453	-0.99998	0	0.5	0	1	0	1614.93	9.77656	img_PhysXCar__0_1658166035084740300.png
PhysXCar	1658166035161	-32.7828	39.5242	3.13429	0.0205874	-0.0025873	0.00692077	-0.999761	0	0.5	0	1	0	1539.34	9.51655	img_PhysXCar__0_1658166035160030400.png
PhysXCar	1658166035241	-33.4378	39.4559	3.13433	0.0414305	-0.00289393	0.00815684	-0.999104	0	0.5	0	1	0	1471.73	9.24353	img_PhysXCar__0_1658166035240069500.png
PhysXCar	1658166035321	-34.0443	39.3662	3.13436	0.061701	-0.00320508	0.009113	-0.998048	0	0.5	0	1	0	1415.72	8.98082	img_PhysXCar__0_1658166035320077200.png
PhysXCar	1658166035402	-34.6291	39.2537	3.13438	0.0820255	-0.00352788	0.00982697	-0.996576	0	0.5	0	1	0	1367.01	8.71789	img_PhysXCar__0_1658166035401056700.png
PhysXCar	1658166035482	-35.1912	39.1198	3.1344	0.102287	-0.00384406	0.0102883	-0.994694	0	0.5	0	1	0	1324.47	8.45541	img_PhysXCar__0_1658166035481079700.png
PhysXCar	1658166035562	-35.7302	38.9661	3.13442	0.122443	-0.00414128	0.0105149	-0.992411	0	0.5	0	1	0	1287.09	8.19433	img_PhysXCar__0_1658166035560994300.png
PhysXCar	1658166035642	-36.2666	38.7865	3.13443	0.143295	-0.00442023	0.0105367	-0.989614	0	0.5	0	1	0	1252.7	7.92339	img_PhysXCar__0_1658166035641082900.png
PhysXCar	1658166035723	-36.7566	38.5976	3.13444	0.163117	-0.00465212	0.0103924	-0.986541	0	0.5	0	1	0	1223.28	7.66747	img_PhysXCar__0_1658166035721966000.png
PhysXCar	1658166035804	-37.2224	38.3943	3.13445	0.182707	-0.00484373	0.0101241	-0.983103	0	0.5	0	1	0	1196.7	7.40836	img_PhysXCar__0_1658166035802996300.png
PhysXCar	1658166035884	-37.6637	38.1785	3.13445	0.202091	-0.00500669	0.00976226	-0.979305	0	0.5	0	1	0	1172.45	7.17042	img_PhysXCar__0_1658166035882669400.png
PhysXCar	1658166035965	-38.0811	37.9518	3.13445	0.221088	-0.00510809	0.00933751	-0.975196	0	0.5	0	1	0	1149.92	6.8888	img_PhysXCar__0_1658166035963361900.png
PhysXCar	1658166036045	-38.4734	37.7165	3.13445	0.240047	-0.00521612	0.00886169	-0.970707	0	0.5	0	1	0	1128.89	6.69064	img_PhysXCar__0_1658166036043014500.png
PhysXCar	1658166036124	-38.8433	37.4732	3.13444	0.258428	-0.00523192	0.00837627	-0.96598	0	0.5	0	1	0	1108.82	6.38565	img_PhysXCar__0_1658166036122917000.png
PhysXCar	1658166036205	-39.1881	37.2252	3.13444	0.27653	-0.00529296	0.00786058	-0.960958	0	0.5	0	1	0	1089.62	6.22984	img_PhysXCar__0_1658166036203650000.png
PhysXCar	1658166036286	-39.5122	36.9719	3.13442	0.294219	-0.00524359	0.0073483	-0.955695	0	0.5	0	1	0	1070.85	5.92761	img_PhysXCar__0_1658166036284748700.png
PhysXCar	1658166036367	-39.8126	36.7168	3.13442	0.311413	-0.00525177	0.0068404	-0.950236	0	0.5	0	1	0	1052.39	5.78402	img_PhysXCar__0_1658166036365538900.png
PhysXCar	1658166036447	-40.0936	36.4594	3.1344	0.328293	-0.00516076	0.00632326	-0.944541	0	0.5	0	1	0	1033.86	5.51132	img_PhysXCar__0_1658166036445315600.png
PhysXCar	1658166036526	-40.3531	36.2018	3.13438	0.345378	-0.00505335	0.00586707	-0.938432	0	0.5	0	1	0	1007.81	5.31287	img_PhysXCar__0_1658166036525345100.png
PhysXCar	1658166036607	-40.5936	35.9436	3.13435	0.362683	-0.00491212	0.00546052	-0.931884	0	0.5	0	1	0	973.574	5.15777	img_PhysXCar__0_1658166036605316800.png
PhysXCar	1658166036687	-40.8178	35.685	3.1343	0.377086	-0.00471636	0.00509971	-0.926152	0	0.5	0	1	0	936.155	4.99173	img_PhysXCar__0_1658166036685612600.png
PhysXCar	1658166036768	-41.0267	35.4272	3.1351	0.391171	-0.00450066	0.00471041	-0.920295	0	0.5	0	1	0	913.979	4.79016	img_PhysXCar__0_1658166036766944500.png
PhysXCar	1658166036848	-41.2197	35.1744	3.13664	0.405725	-0.00439239	0.00419202	-0.913975	0	0.5	0	1	0	898.73	4.59768	img_PhysXCar__0_1658166036846656100.png
PhysXCar	1658166036929	-41.3976	34.9263	3.13665	0.419646	-0.00423953	0.003716	-0.90767	0	0.5	0	1	0	880.967	4.41228	img_PhysXCar__0_1658166036927470200.png
PhysXCar	1658166037008	-41.5675	34.6724	3.13654	0.433652	-0.00408324	0.00330246	-0.901065	0	0.5	0	1	0	861.603	4.2236	img_PhysXCar__0_1658166037006782100.png
PhysXCar	1658166037088	-41.7157	34.4341	3.13609	0.446753	-0.00395328	0.00298687	-0.894644	0	0.5	0	1	0	837.456	4.05923	img_PhysXCar__0_1658166037086388800.png
PhysXCar	1658166037167	-41.8505	34.1999	3.13579	0.46026	-0.00379507	0.0027676	-0.887772	0	0.5	0	1	0	806.574	3.91868	img_PhysXCar__0_1658166037165784000.png
PhysXCar	1658166037247	-41.9729	33.9693	3.13559	0.473905	-0.00364811	0.00260882	-0.880564	0	0.5	0	1	0	777.758	3.78403	img_PhysXCar__0_1658166037246147800.png
PhysXCar	1658166037327	-42.0902	33.7286	3.13579	0.487871	-0.00353838	0.00244156	-0.872905	1	0.5	0	1	0	801.471	3.61533	img_PhysXCar__0_1658166037326017800.png
PhysXCar	1658166037406	-42.1885	33.5088	3.13539	0.50022	-0.00345102	0.00226728	-0.865888	1	0.5	0	1	0	960.779	3.4765	img_PhysXCar__0_1658166037405113900.png
PhysXCar	1658166037487	-42.2761	33.2941	3.13523	0.512159	-0.00333274	0.00213099	-0.858882	1	0.5	0	1	0	1254.52	3.38375	img_PhysXCar__0_1658166037485648000.png
PhysXCar	1658166037567	-42.3549	33.0812	3.13511	0.52388	-0.00311039	0.00210521	-0.851784	1	0.5	0	1	0	1553.7	3.3729	img_PhysXCar__0_1658166037566128500.png
PhysXCar	1658166037647	-42.4271	32.8653	3.13497	0.535779	-0.00278033	0.00219757	-0.844351	1	0.5	0	1	0	1815.5	3.42549	img_PhysXCar__0_1658166037646160100.png
PhysXCar	1658166037727	-42.4941	32.6435	3.13483	0.547861	-0.00242475	0.00234963	-0.836562	1	0.5	0	1	0	2054.71	3.51498	img_PhysXCar__0_1658166037725499200.png
PhysXCar	1658166037806	-42.5564	32.4137	3.1347	0.560111	-0.00210459	0.00252604	-0.828411	1	0.5	0	1	0	2279.2	3.62711	img_PhysXCar__0_1658166037804686200.png
PhysXCar	1658166037885	-42.6141	32.1749	3.13458	0.572512	-0.00184815	0.0027122	-0.819889	1	0.5	0	1	0	2493.23	3.75418	img_PhysXCar__0_1658166037884300700.png
PhysXCar	1658166037965	-42.6668	31.9262	3.13449	0.585046	-0.00166252	0.00290181	-0.810993	1	0.5	0	1	0	2699.34	3.89161	img_PhysXCar__0_1658166037963597900.png
PhysXCar	1658166038043	-42.716	31.6557	3.1346	0.59824	-0.00154182	0.00309898	-0.801309	1	0.5	0	1	0	2908.21	4.04204	img_PhysXCar__0_1658166038041197000.png
PhysXCar	1658166038123	-42.7571	31.3854	3.13437	0.610969	-0.00148905	0.0032836	-0.791646	1	0.5	0	1	0	3102.86	4.19225	img_PhysXCar__0_1658166038121357900.png
PhysXCar	1658166038203	-42.7934	31.1043	3.13428	0.623184	-0.00140191	0.00339009	-0.782066	1	0	0	1	0	3296.98	4.36035	img_PhysXCar__0_1658166038201261100.png
PhysXCar	1658166038281	-42.8396	30.8148	3.13423	0.629954	-0.000789353	0.00284164	-0.776627	1	0	0	1	0	3487.24	4.51254	img_PhysXCar__0_1658166038280260500.png
PhysXCar	1658166038361	-42.8968	30.5172	3.13419	0.631861	2.5383e-05	0.00203039	-0.775079	1	0	0	1	0	3669	4.67297	img_PhysXCar__0_1658166038359484400.png
PhysXCar	1658166038440	-42.9585	30.2096	3.13415	0.63235	0.000640364	0.00144849	-0.774681	1	0	0	1	0	3847.28	4.83596	img_PhysXCar__0_1658166038438984200.png
PhysXCar	1658166038518	-43.0229	29.8914	3.13413	0.632497	0.00103644	0.00110422	-0.774561	1	0	0	1	0	4022.93	5.00029	img_PhysXCar__0_1658166038516763100.png
PhysXCar	1658166038597	-43.0896	29.5621	3.13197	0.632604	0.00131855	0.000957323	-0.774474	1	0.5	0	1	0	4181.59	5.18574	img_PhysXCar__0_1658166038595761400.png
PhysXCar	1658166038676	-43.1479	29.2187	3.13134	0.636178	0.00102932	0.00144071	-0.77154	1	0.5	0	1	0	4334.84	5.38767	img_PhysXCar__0_1658166038674653100.png
PhysXCar	1658166038756	-43.1903	28.8601	3.13181	0.644601	0.0002279	0.00248495	-0.764515	1	0.5	0	1	0	4486.5	5.45794	img_PhysXCar__0_1658166038754601900.png
PhysXCar	1658166038837	-43.2143	28.4697	3.13214	0.65784	-0.000880128	0.00375908	-0.753148	1	0	0	1	0	4644.95	5.73008	img_PhysXCar__0_1658166038834983100.png
PhysXCar	1658166038916	-43.2463	28.0669	3.13237	0.664834	-0.000701392	0.00363078	-0.746982	1	0	0	1	0	4800.35	6.01066	img_PhysXCar__0_1658166038914167500.png
PhysXCar	1658166038995	-43.2907	27.6682	3.13251	0.665725	0.000167614	0.00280164	-0.746191	1	0	0	1	0	4941.54	6.14224	img_PhysXCar__0_1658166038993710000.png
PhysXCar	1658166039077	-43.337	27.2591	3.13267	0.666009	0.000630728	0.00211974	-0.74594	1	0	0	0	0	4920.97	6.28549	img_PhysXCar__0_1658166039075684800.png
PhysXCar	1658166039156	-43.3837	26.8468	3.13288	0.665985	0.00067081	0.00147284	-0.745963	1	0.5	0	0	0	4807.96	6.10713	img_PhysXCar__0_1658166039155329500.png
PhysXCar	1658166039236	-43.4215	26.439	3.13309	0.668493	0.000180817	0.00134135	-0.743717	1	0.5	0	2	0	4498.46	6.34124	img_PhysXCar__0_1658166039235055900.png
PhysXCar	1658166039316	-43.4437	25.9948	3.13302	0.676115	-0.000272813	0.00247355	-0.736792	1	0.5	0	2	0	4456.69	6.47713	img_PhysXCar__0_1658166039314893800.png
PhysXCar	1658166039395	-43.4429	25.556	3.133	0.68795	-0.00123135	0.0037609	-0.725747	1	0	0	2	0	4419.59	6.79111	img_PhysXCar__0_1658166039394001000.png
PhysXCar	1658166039475	-43.4438	25.0984	3.13297	0.695521	-0.00115117	0.00402955	-0.718493	1	0	0	2	0	4390.74	7.12269	img_PhysXCar__0_1658166039473689900.png
PhysXCar	1658166039554	-43.4555	24.6221	3.13293	0.697025	-0.000297043	0.00346022	-0.717038	1	0	0	2	0	4356.63	7.30988	img_PhysXCar__0_1658166039552944600.png
PhysXCar	1658166039633	-43.4689	24.1306	3.13291	0.697221	0.00038316	0.00292156	-0.71685	1	0	0	2	0	4325.67	7.63123	img_PhysXCar__0_1658166039632073400.png
PhysXCar	1658166039713	-43.4829	23.6202	3.13288	0.697255	0.000920615	0.00256696	-0.716818	1	0	0	2	0	4301.77	7.81465	img_PhysXCar__0_1658166039711567900.png
PhysXCar	1658166039792	-43.4973	23.0952	3.13288	0.697268	0.00124586	0.0022689	-0.716806	1	0	0	2	0	4282.19	8.11911	img_PhysXCar__0_1658166039790743700.png
PhysXCar	1658166039872	-43.5122	22.552	3.13287	0.697279	0.00150547	0.00210612	-0.716795	1	0	0	2	0	4268.9	8.30542	img_PhysXCar__0_1658166039870473200.png
PhysXCar	1658166039951	-43.5275	21.9946	3.13288	0.697291	0.00162687	0.00195157	-0.716783	1	0	0	2	0	4259.79	8.59078	img_PhysXCar__0_1658166039949303200.png
PhysXCar	1658166040028	-43.5433	21.4199	3.13287	0.697301	0.00173641	0.00188504	-0.716774	1	0	0	2	0	4256.21	8.77967	img_PhysXCar__0_1658166040027105600.png
PhysXCar	1658166040108	-43.5595	20.8312	3.13289	0.69731	0.00176042	0.00180181	-0.716765	0	0	0	2	0	4125.28	9.04537	img_PhysXCar__0_1658166040107151700.png
PhysXCar	1658166040189	-43.5761	20.2263	3.13289	0.697318	0.00179137	0.00176879	-0.716757	0	0	0	2	0	3560.64	9.22556	img_PhysXCar__0_1658166040187948100.png
PhysXCar	1658166040269	-43.5931	19.6087	3.13292	0.697325	0.00173203	0.00167508	-0.716751	0	0	0	0	0	3338.54	9.34828	img_PhysXCar__0_1658166040267976500.png
PhysXCar	1658166040349	-43.6101	18.9872	3.13307	0.697329	0.00136647	0.00130009	-0.716749	0	0	0	0	0	3261.87	9.30255	img_PhysXCar__0_1658166040347752400.png
PhysXCar	1658166040428	-43.6271	18.3673	3.13321	0.697329	0.00102452	0.00095759	-0.71675	0	0	0	1	0	3025.4	9.3327	img_PhysXCar__0_1658166040426917200.png
PhysXCar	1658166040506	-43.6442	17.7476	3.13332	0.69733	0.00073936	0.000675439	-0.71675	1	0	0	1	0	2770.32	9.20577	img_PhysXCar__0_1658166040505327700.png
PhysXCar	1658166040586	-43.661	17.1359	3.13347	0.697328	0.00035708	0.000301736	-0.716752	1	0	0	1	0	2776.47	9.10876	img_PhysXCar__0_1658166040585157900.png
PhysXCar	1658166040666	-43.6776	16.5312	3.13358	0.697326	8.80366e-05	3.94341e-05	-0.716754	1	0	0	1	0	3030.63	8.98144	img_PhysXCar__0_1658166040664520000.png
PhysXCar	1658166040745	-43.6948	15.9038	3.13365	0.697323	-0.000103511	-0.00014687	-0.716757	1	0	0	1	0	3356.41	8.94321	img_PhysXCar__0_1658166040744063600.png
PhysXCar	1658166040826	-43.7112	15.3089	3.13366	0.697323	-0.000125172	-0.000167686	-0.716757	1	0	0	1	0	3641.1	8.88433	img_PhysXCar__0_1658166040824825500.png
PhysXCar	1658166040905	-43.7275	14.716	3.13365	0.697322	-0.000107304	-0.000149811	-0.716758	1	0	0	1	0	3903.07	8.92738	img_PhysXCar__0_1658166040904173800.png
PhysXCar	1658166040984	-43.7438	14.1211	3.13361	0.697323	-4.44552e-06	-4.92807e-05	-0.716757	1	0	0	1	0	4147.41	8.93383	img_PhysXCar__0_1658166040983213900.png
PhysXCar	1658166041065	-43.7602	13.5243	3.13358	0.697323	8.83883e-05	4.16368e-05	-0.716757	1	0	0	1	0	4377.13	9.02318	img_PhysXCar__0_1658166041064343800.png
PhysXCar	1658166041146	-43.7764	12.9223	3.13352	0.697434	0.000201881	0.00019372	-0.716649	1	0.5	0	1	0	4596.68	9.06309	img_PhysXCar__0_1658166041144964700.png
PhysXCar	1658166041227	-43.7817	12.3164	3.13349	0.700676	-0.000215379	0.000780248	-0.713479	1	0.5	0	1	0	4808.08	9.15934	img_PhysXCar__0_1658166041225505000.png
PhysXCar	1658166041301	-43.767	11.705	3.13346	0.708487	-0.00117634	0.00188364	-0.70572	1	0	0	1	0	5009.48	9.22535	img_PhysXCar__0_1658166041299273100.png
PhysXCar	1658166041377	-43.7448	11.0883	3.13342	0.715262	-0.00162453	0.00251466	-0.69885	0	0	0	1	0	5049.71	9.35524	img_PhysXCar__0_1658166041375735900.png
PhysXCar	1658166041457	-43.7278	10.4637	3.13338	0.717014	-0.00127203	0.00236809	-0.697054	0	0	0	0	0	4826.29	9.43709	img_PhysXCar__0_1658166041455394100.png
PhysXCar	1658166041536	-43.7103	9.836	3.13342	0.717371	-0.00103882	0.00195324	-0.696688	0	0	0	0	0	4715.46	9.39756	img_PhysXCar__0_1658166041534645800.png
PhysXCar	1658166041615	-43.6922	9.20983	3.13347	0.717431	-0.000836397	0.00150769	-0.696627	0	0	0	0	0	4607.17	9.40005	img_PhysXCar__0_1658166041614141900.png
PhysXCar	1658166041695	-43.6728	8.54973	3.13346	0.717449	-0.000507021	0.00121308	-0.69661	0	0	0	2	0	3772.64	9.57113	img_PhysXCar__0_1658166041693309000.png
PhysXCar	1658166041775	-43.6539	7.90938	3.13334	0.717448	2.8796e-05	0.00126832	-0.69661	0	0	0	2	0	3140.72	9.73117	img_PhysXCar__0_1658166041773681500.png
PhysXCar	1658166041855	-43.6347	7.25857	3.13329	0.717456	0.00035257	0.00121032	-0.696602	0	0	0	2	0	2633.66	9.87194	img_PhysXCar__0_1658166041853532700.png
PhysXCar	1658166041934	-43.6152	6.59993	3.13329	0.717459	0.000511033	0.00108221	-0.696599	0	0	0	2	0	2243	9.92929	img_PhysXCar__0_1658166041933271200.png
PhysXCar	1658166042014	-43.5954	5.91199	3.13333	0.717316	0.000533787	0.000831629	-0.696747	0	-0.5	0	2	0	1944.4	9.95056	img_PhysXCar__0_1658166042012536500.png
PhysXCar	1658166042094	-43.5871	5.24959	3.1334	0.714193	0.00093351	0.000102286	-0.699948	0	-0.5	0	2	0	1735.24	9.89627	img_PhysXCar__0_1658166042092966200.png
PhysXCar	1658166042170	-43.5976	4.59095	3.13348	0.706893	0.00171881	-0.00114167	-0.707318	0	0	0	2	0	1582.41	9.84057	img_PhysXCar__0_1658166042168324100.png
PhysXCar	1658166042241	-43.6079	3.93646	3.13355	0.702744	0.00175246	-0.00154802	-0.711439	0	0	0	2	0	1470.48	9.75123	img_PhysXCar__0_1658166042239520700.png
PhysXCar	1658166042321	-43.616	3.2879	3.13363	0.701823	0.00138896	-0.00155357	-0.712349	1	0	0	2	0	1431.72	9.65811	img_PhysXCar__0_1658166042319688600.png
PhysXCar	1658166042402	-43.6251	2.64566	3.13368	0.701641	0.00101857	-0.00147467	-0.712529	1	0	0	2	0	1560.11	9.56031	img_PhysXCar__0_1658166042400441200.png
PhysXCar	1658166042482	-43.6347	2.00926	3.13372	0.701597	0.000690728	-0.00130931	-0.712572	1	0	0	2	0	1839.24	9.50843	img_PhysXCar__0_1658166042480408200.png
PhysXCar	1658166042562	-43.6444	1.37564	3.13371	0.701594	0.000484898	-0.00104368	-0.712576	0	0	0	2	0	2026.64	9.49979	img_PhysXCar__0_1658166042560249700.png
PhysXCar	1658166042642	-43.6543	0.741919	3.13367	0.701588	0.000375944	-0.000747319	-0.712582	0	0	0	2	0	1870.03	9.51736	img_PhysXCar__0_1658166042640771700.png
PhysXCar	1658166042722	-43.6642	0.107724	3.13365	0.701593	0.000274884	-0.000525137	-0.712578	0	0	0	0	0	1827.09	9.49484	img_PhysXCar__0_1658166042720984000.png
PhysXCar	1658166042802	-43.674	-0.525401	3.13364	0.701589	0.000171421	-0.000384035	-0.712582	0	0	0	0	0	1785.13	9.50277	img_PhysXCar__0_1658166042800510900.png
PhysXCar	1658166042882	-43.6843	-1.18501	3.13363	0.701593	0.000117262	-0.000255367	-0.712578	1	0	0	1	0	1759.51	9.36318	img_PhysXCar__0_1658166042880629400.png
PhysXCar	1658166042962	-43.6945	-1.83824	3.13379	0.701584	-0.000358464	-0.000598565	-0.712587	1	0	0	1	0	1969.01	9.15383	img_PhysXCar__0_1658166042960423900.png
PhysXCar	1658166043043	-43.704	-2.44503	3.13388	0.70158	-0.000633555	-0.000791692	-0.71259	1	0	0	1	0	2328.02	8.94012	img_PhysXCar__0_1658166043041809300.png
PhysXCar	1658166043122	-43.7132	-3.03926	3.13394	0.701575	-0.000800114	-0.00090492	-0.712595	1	0	0	1	0	2689.28	8.82449	img_PhysXCar__0_1658166043121172800.png
PhysXCar	1658166043201	-43.7224	-3.62566	3.13394	0.701573	-0.000811454	-0.000884311	-0.712597	1	0	0	1	0	3021.81	8.6976	img_PhysXCar__0_1658166043199898300.png
PhysXCar	1658166043281	-43.7318	-4.22742	3.13391	0.70157	-0.000762292	-0.000815899	-0.7126	0	0	0	1	0	3120.42	8.67623	img_PhysXCar__0_1658166043279723700.png
PhysXCar	1658166043360	-43.7408	-4.80451	3.13387	0.701569	-0.000644849	-0.000689232	-0.712601	0	0	0	1	0	2839.41	8.57302	img_PhysXCar__0_1658166043359283400.png
PhysXCar	1658166043440	-43.7497	-5.37561	3.13386	0.701568	-0.000636396	-0.000674625	-0.712602	0	0	0	1	0	2542.59	8.51502	img_PhysXCar__0_1658166043439114300.png
PhysXCar	1658166043519	-43.7585	-5.94096	3.13387	0.701566	-0.000657217	-0.000691793	-0.712604	0	0	0	1	0	2297.2	8.34814	img_PhysXCar__0_1658166043517509000.png
PhysXCar	1658166043599	-43.7675	-6.51575	3.13391	0.701563	-0.000769439	-0.000800653	-0.712607	0	0	0	1	0	2086.5	8.24018	img_PhysXCar__0_1658166043597387000.png
PhysXCar	1658166043678	-43.776	-7.06185	3.13394	0.70156	-0.000838938	-0.00086863	-0.712609	0	0	0	1	0	1917.5	8.02057	img_PhysXCar__0_1658166043676534800.png
PhysXCar	1658166043757	-43.7844	-7.59493	3.13399	0.701556	-0.000969077	-0.000996759	-0.712613	0	0.5	0	1	0	1774.6	7.89073	img_PhysXCar__0_1658166043755966500.png
PhysXCar	1658166043836	-43.7848	-8.1175	3.13402	0.703782	-0.00140367	-0.000715047	-0.710414	0	0.5	0	1	0	1651.5	7.63885	img_PhysXCar__0_1658166043835398000.png
PhysXCar	1658166043911	-43.7678	-8.62487	3.13408	0.710249	-0.00241985	2.78198e-06	-0.703947	0	0.5	0	1	0	1545.17	7.4808	img_PhysXCar__0_1658166043909734800.png
PhysXCar	1658166043990	-43.7281	-9.11849	3.13412	0.720928	-0.00377574	0.00107208	-0.692998	0	0	0	1	0	1459.21	7.20761	img_PhysXCar__0_1658166043989023600.png
PhysXCar	1658166044070	-43.6805	-9.5955	3.13416	0.730054	-0.004425	0.00146234	-0.683373	0	0	0	1	0	1382.63	7.07888	img_PhysXCar__0_1658166044068311700.png
PhysXCar	1658166044149	-43.6454	-10.0622	3.13417	0.732007	-0.00372097	0.000780718	-0.681286	0	0	0	1	0	1322.46	6.7956	img_PhysXCar__0_1658166044147750300.png
PhysXCar	1658166044229	-43.6129	-10.5126	3.13419	0.732206	-0.00312181	5.66285e-05	-0.681076	0	0.5	0	1	0	1269.22	6.65901	img_PhysXCar__0_1658166044227345600.png
PhysXCar	1658166044309	-43.5731	-10.9503	3.1342	0.734432	-0.0029984	-0.000100818	-0.678676	0	0.5	0	1	0	1219.74	6.36044	img_PhysXCar__0_1658166044307354100.png
PhysXCar	1658166044388	-43.5181	-11.3694	3.13423	0.740553	-0.00357928	0.000228202	-0.671988	0	0.5	0	1	0	1174.39	6.21377	img_PhysXCar__0_1658166044386997300.png
PhysXCar	1658166044468	-43.4438	-11.7724	3.13425	0.750477	-0.00453178	0.000920852	-0.660881	0	0.5	0	1	0	1135.72	5.90422	img_PhysXCar__0_1658166044466406900.png
PhysXCar	1658166044547	-43.3533	-12.1548	3.13428	0.762556	-0.00546137	0.00149795	-0.646897	0	0.5	0	1	0	1096.98	5.79097	img_PhysXCar__0_1658166044546328300.png
PhysXCar	1658166044626	-43.2504	-12.5227	3.13427	0.775151	-0.00596921	0.00186625	-0.631745	0	0.5	0	1	0	1055.49	5.55718	img_PhysXCar__0_1658166044625219700.png
PhysXCar	1658166044705	-43.1366	-12.8745	3.13424	0.785537	-0.0062641	0.00209097	-0.61878	0	0.5	0	1	0	1021.59	5.34466	img_PhysXCar__0_1658166044703970700.png
PhysXCar	1658166044785	-43.0143	-13.2081	3.13425	0.796861	-0.00636854	0.00201082	-0.604126	1	0.5	0	1	0	1028.63	5.13146	img_PhysXCar__0_1658166044783366300.png
PhysXCar	1658166044864	-42.8837	-13.5255	3.13423	0.807579	-0.00633904	0.00191143	-0.589722	1	0.5	0	1	0	1190.3	4.98908	img_PhysXCar__0_1658166044862702400.png
PhysXCar	1658166044943	-42.7457	-13.8276	3.13507	0.817833	-0.00624761	0.00174639	-0.575419	1	0.5	0	1	0	1504.95	4.86059	img_PhysXCar__0_1658166044942024300.png
PhysXCar	1658166045023	-42.6013	-14.1181	3.13655	0.827154	-0.00596299	0.00165911	-0.561941	1	0.5	0	1	0	1835.21	4.78791	img_PhysXCar__0_1658166045021987800.png
PhysXCar	1658166045104	-42.4493	-14.4002	3.13648	0.836319	-0.00559642	0.00167349	-0.548212	0	0.5	0	1	0	2035.58	4.77616	img_PhysXCar__0_1658166045102636300.png
PhysXCar	1658166045183	-42.2878	-14.6767	3.1361	0.845358	-0.00524934	0.00177174	-0.534172	0	0.5	0	1	0	1886.98	4.77536	img_PhysXCar__0_1658166045182191900.png
PhysXCar	1658166045264	-42.1177	-14.9472	3.13575	0.854145	-0.00499128	0.00180747	-0.520007	1	0.5	0	1	0	1722.36	4.73646	img_PhysXCar__0_1658166045262504400.png
PhysXCar	1658166045343	-41.9405	-15.2095	3.13549	0.862573	-0.00481862	0.00174432	-0.505907	1	0.5	0	1	0	1766.2	4.68615	img_PhysXCar__0_1658166045342065800.png
PhysXCar	1658166045423	-41.7566	-15.4632	3.13529	0.870707	-0.00469304	0.00168473	-0.491777	1	0.5	0	1	0	1999.99	4.66369	img_PhysXCar__0_1658166045421386400.png
PhysXCar	1658166045503	-41.5646	-15.7099	3.13512	0.878665	-0.00458359	0.00172031	-0.477413	1	0.5	0	1	0	2269.04	4.69215	img_PhysXCar__0_1658166045501644400.png
PhysXCar	1658166045583	-41.3627	-15.9519	3.13495	0.886497	-0.00448365	0.0018503	-0.462708	1	0.5	0	1	0	2515.43	4.75692	img_PhysXCar__0_1658166045581658400.png
PhysXCar	1658166045663	-41.1392	-16.2017	3.13502	0.894556	-0.00440301	0.00203015	-0.44693	1	0.5	0	1	0	2756.94	4.84995	img_PhysXCar__0_1658166045662165200.png
PhysXCar	1658166045743	-40.9013	-16.4498	3.13496	0.9025	-0.0043609	0.00221405	-0.430663	1	0.5	0	1	0	2987.39	4.96104	img_PhysXCar__0_1658166045741656500.png
PhysXCar	1658166045824	-40.6621	-16.6827	3.1346	0.909886	-0.00436862	0.00237859	-0.414828	1	0.5	0	1	0	3191.48	5.08498	img_PhysXCar__0_1658166045822996200.png
PhysXCar	1658166045905	-40.4068	-16.911	3.13144	0.917111	-0.004616	0.00267622	-0.398597	1	0.5	0	1	0	3388.09	5.21906	img_PhysXCar__0_1658166045903727900.png
PhysXCar	1658166045985	-40.1366	-17.1361	3.13201	0.924208	-0.00482198	0.00284389	-0.381849	1	0.5	0	1	0	3573.44	5.42769	img_PhysXCar__0_1658166045984347800.png
PhysXCar	1658166046067	-39.8503	-17.3589	3.1323	0.931119	-0.00495756	0.0029748	-0.364669	1	0.5	0	1	0	3753.7	5.5403	img_PhysXCar__0_1658166046065304900.png
PhysXCar	1658166046147	-39.5319	-17.5884	3.13253	0.938028	-0.00513672	0.00310018	-0.346508	1	0.5	0	1	0	3938.28	5.70386	img_PhysXCar__0_1658166046145193900.png
PhysXCar	1658166046226	-39.2125	-17.801	3.13268	0.944733	-0.00532615	0.00318031	-0.327782	1	0.5	0	1	0	4109.42	5.85665	img_PhysXCar__0_1658166046225079400.png
PhysXCar	1658166046306	-38.8757	-18.0073	3.1328	0.951046	-0.00560092	0.00325694	-0.308983	1	0.5	0	1	0	4276.82	6.06042	img_PhysXCar__0_1658166046304991700.png
PhysXCar	1658166046386	-38.5211	-18.2071	3.13289	0.956888	-0.00587938	0.00328449	-0.290379	1	0.5	0	1	0	4441.04	6.24037	img_PhysXCar__0_1658166046384899000.png
PhysXCar	1658166046467	-38.1487	-18.3988	3.13295	0.962626	-0.00616787	0.00329101	-0.270743	1	0.5	0	1	0	4602.19	6.42341	img_PhysXCar__0_1658166046465690700.png
PhysXCar	1658166046551	-37.7587	-18.5813	3.133	0.967865	-0.00647442	0.00328562	-0.251368	1	0.5	0	1	0	4760.79	6.60177	img_PhysXCar__0_1658166046549409500.png
PhysXCar	1658166046634	-37.3507	-18.7533	3.13303	0.97289	-0.00679893	0.00326913	-0.231146	1	0.5	0	1	0	4916.88	6.76603	img_PhysXCar__0_1658166046632881600.png
PhysXCar	1658166046718	-36.9269	-18.9129	3.13309	0.977426	-0.00714695	0.00309184	-0.211136	1	0.5	0	0	0	4896.78	6.81907	img_PhysXCar__0_1658166046716656200.png
PhysXCar	1658166046802	-36.4965	-19.0564	3.13323	0.981599	-0.00747559	0.00258497	-0.190789	1	0.5	0	0	0	4784.31	6.74738	img_PhysXCar__0_1658166046800397200.png
PhysXCar	1658166046883	-36.0633	-19.1819	3.13336	0.98519	-0.00774826	0.00210427	-0.171276	1	0.5	0	2	0	4479.69	6.89014	img_PhysXCar__0_1658166046882362700.png
PhysXCar	1658166046966	-35.6124	-19.2917	3.13326	0.98863	-0.00800179	0.00237499	-0.150137	1	0.5	0	2	0	4441.55	7.15593	img_PhysXCar__0_1658166046964624900.png
PhysXCar	1658166047047	-35.1406	-19.387	3.13317	0.991586	-0.00826051	0.00258685	-0.129159	1	0.5	0	2	0	4410.85	7.40432	img_PhysXCar__0_1658166047046269900.png
PhysXCar	1658166047132	-34.6491	-19.4659	3.13311	0.994185	-0.00854021	0.00267935	-0.107311	1	0.5	0	2	0	4385.57	7.65861	img_PhysXCar__0_1658166047130689800.png
PhysXCar	1658166047217	-34.1384	-19.5271	3.13307	0.996273	-0.0088569	0.00269169	-0.085756	1	0.5	0	2	0	4366.13	7.89286	img_PhysXCar__0_1658166047216388800.png
PhysXCar	1658166047302	-33.61	-19.5686	3.13304	0.997936	-0.00920191	0.00262727	-0.0634949	1	0.5	0	2	0	4351.8	8.13733	img_PhysXCar__0_1658166047301277100.png
PhysXCar	1658166047388	-33.0217	-19.5896	3.13302	0.999155	-0.00960973	0.00251754	-0.0398745	1	0.5	0	2	0	4342.51	8.36968	img_PhysXCar__0_1658166047386906100.png
PhysXCar	1658166047472	-32.4601	-19.5858	3.13301	0.999799	-0.00998523	0.00233447	-0.0171984	1	0	0	2	0	4337.6	8.61677	img_PhysXCar__0_1658166047471182200.png
PhysXCar	1658166047556	-31.8824	-19.5713	3.133	0.999952	-0.00951106	0.00226618	-0.000441586	1	0	0	2	0	4344.79	8.85451	img_PhysXCar__0_1658166047554728000.png
PhysXCar	1658166047636	-31.2894	-19.5641	3.13299	0.999955	-0.007643	0.00226093	0.00508024	1	0	0	2	0	4344.86	9.07661	img_PhysXCar__0_1658166047635319000.png
PhysXCar	1658166047719	-30.6814	-19.5572	3.13297	0.999962	-0.00580047	0.0023022	0.00616386	1	0	0	2	0	4346.2	9.30723	img_PhysXCar__0_1658166047717376000.png
PhysXCar	1658166047804	-30.0565	-19.5494	3.13295	0.999967	-0.00424351	0.00233771	0.0064886	1	0	0	2	0	4351.52	9.52559	img_PhysXCar__0_1658166047803128500.png
PhysXCar	1658166047889	-29.4187	-19.541	3.13294	0.999972	-0.00300357	0.00235231	0.00646538	1	0	0	2	0	4360.48	9.74614	img_PhysXCar__0_1658166047887725400.png
PhysXCar	1658166047974	-28.7663	-19.5324	3.13294	0.999974	-0.00205442	0.00235799	0.00656623	1	0	0	2	0	4372.93	9.95934	img_PhysXCar__0_1658166047972394700.png
PhysXCar	1658166048059	-28.0998	-19.5234	3.13294	0.999975	-0.00136347	0.00235221	0.00652989	1	0	0	2	0	4388.57	10.1716	img_PhysXCar__0_1658166048057763800.png
PhysXCar	1658166048143	-27.4191	-19.5143	3.13294	0.999975	-0.000874319	0.0023411	0.00659422	1	0	0	2	0	4407.2	10.3793	img_PhysXCar__0_1658166048142027800.png
PhysXCar	1658166048228	-26.7246	-19.505	3.13295	0.999976	-0.000542617	0.00232463	0.00658307	1	0	0	2	0	4428.57	10.585	img_PhysXCar__0_1658166048226781600.png
PhysXCar	1658166048315	-26.0102	-19.4955	3.13296	0.999975	-0.00032073	0.0023054	0.00661954	1	0	0	2	0	4452.69	10.7892	img_PhysXCar__0_1658166048313443100.png
PhysXCar	1658166048396	-25.2885	-19.4859	3.13296	0.999975	-0.000181046	0.00228451	0.00662197	1	0	0	2	0	4478.92	10.9894	img_PhysXCar__0_1658166048395091600.png
PhysXCar	1658166048481	-24.5532	-19.4761	3.13297	0.999975	-9.35929e-05	0.00226291	0.00664105	1	0	0	2	0	4507.27	11.1872	img_PhysXCar__0_1658166048479960100.png
PhysXCar	1658166048568	-23.805	-19.4661	3.13298	0.999975	-4.15337e-05	0.00224097	0.00664951	1	0	0	2	0	4537.54	11.3827	img_PhysXCar__0_1658166048566199600.png
PhysXCar	1658166048653	-23.0438	-19.4559	3.13298	0.999975	-1.17449e-05	0.00221941	0.00666083	1	0	0	2	0	4569.55	11.5761	img_PhysXCar__0_1658166048651375100.png
PhysXCar	1658166048736	-22.2698	-19.4456	3.13299	0.999975	4.39297e-06	0.00219853	0.00666981	1	0	0	2	0	4603.14	11.7676	img_PhysXCar__0_1658166048734734200.png
PhysXCar	1658166048821	-21.483	-19.4351	3.13299	0.999975	1.23593e-05	0.0021782	0.00667874	1	0	0	2	0	4638.17	11.9573	img_PhysXCar__0_1658166048819373000.png
PhysXCar	1658166048905	-20.6835	-19.4244	3.133	0.999975	1.57143e-05	0.00215885	0.00668713	1	0	0	2	0	4674.48	12.1454	img_PhysXCar__0_1658166048903682100.png
PhysXCar	1658166048989	-19.8716	-19.4135	3.133	0.999975	1.66183e-05	0.00214068	0.00669533	1	0	0	2	0	4711.95	12.3318	img_PhysXCar__0_1658166048988281600.png
PhysXCar	1658166049075	-19.0473	-19.4025	3.13301	0.999975	1.6396e-05	0.00212315	0.00670337	1	0	0	2	0	4750.47	12.5167	img_PhysXCar__0_1658166049073877400.png
PhysXCar	1658166049159	-18.2106	-19.3913	3.13301	0.999975	1.56334e-05	0.00210682	0.00671134	1	0	0	2	0	4789.92	12.7003	img_PhysXCar__0_1658166049158180900.png
PhysXCar	1658166049244	-17.3617	-19.3799	3.13302	0.999975	1.47605e-05	0.00209137	0.00671929	1	0	0	2	0	4830.21	12.8825	img_PhysXCar__0_1658166049242455200.png
PhysXCar	1658166049328	-16.5007	-19.3683	3.13302	0.999975	1.39437e-05	0.00207688	0.00672723	0	0	0	2	0	4728.22	13.0636	img_PhysXCar__0_1658166049326586900.png
PhysXCar	1658166049413	-15.6267	-19.3566	3.13303	0.999975	1.32981e-05	0.00205346	0.00673517	0	0	0	2	0	4147.12	13.2303	img_PhysXCar__0_1658166049412127100.png
PhysXCar	1658166049498	-14.6533	-19.3435	3.13306	0.999975	1.33604e-05	0.00194104	0.00674341	0	0	0	2	0	3466.4	13.3631	img_PhysXCar__0_1658166049496833500.png
PhysXCar	1658166049581	-13.7622	-19.3314	3.13312	0.999976	1.4471e-05	0.0017121	0.00674917	0	0	0	0	0	3386.8	13.3742	img_PhysXCar__0_1658166049579565400.png
PhysXCar	1658166049665	-12.8709	-19.3194	3.13324	0.999976	1.70538e-05	0.00129225	0.00675123	0	0.5	0	0	0	3308.99	13.3611	img_PhysXCar__0_1658166049663280500.png
PhysXCar	1658166049748	-11.981	-19.3016	3.13333	0.999958	-0.00035926	0.000967144	0.0090717	0	0.5	0	1	0	3051.49	13.2582	img_PhysXCar__0_1658166049746514300.png
PhysXCar	1658166049833	-11.1011	-19.2696	3.13352	0.999867	-0.00137475	0.000268925	0.0162499	0	0.5	0	1	0	2775.47	13.0518	img_PhysXCar__0_1658166049832034800.png
PhysXCar	1658166049918	-10.2362	-19.2157	3.13369	0.999573	-0.0030333	-0.000402809	0.0290456	0	0.5	0	1	0	2539.46	12.8249	img_PhysXCar__0_1658166049916646200.png
PhysXCar	1658166050002	-9.33048	-19.1298	3.13385	0.998872	-0.00515358	-0.0011065	0.0471893	0	0.5	0	1	0	2327.01	12.5686	img_PhysXCar__0_1658166050001091400.png
PhysXCar	1658166050085	-8.44915	-19.0149	3.13397	0.997729	-0.00715451	-0.00176293	0.0669554	0	0.5	0	1	0	2148.23	12.3012	img_PhysXCar__0_1658166050084126100.png
PhysXCar	1658166050168	-7.64424	-18.8801	3.13406	0.996267	-0.00878964	-0.00235376	0.0858452	0	0.5	0	1	0	2005.42	12.0421	img_PhysXCar__0_1658166050166430600.png
PhysXCar	1658166050250	-6.86193	-18.7189	3.13414	0.994453	-0.0101497	-0.0029417	0.104654	0	0.5	0	1	0	1882.86	11.7765	img_PhysXCar__0_1658166050249188100.png
PhysXCar	1658166050337	-6.10374	-18.5318	3.13421	0.992281	-0.0112187	-0.00350468	0.123448	0	0.5	0	1	0	1777.45	11.5059	img_PhysXCar__0_1658166050335796300.png
PhysXCar	1658166050423	-5.37103	-18.3195	3.13427	0.989735	-0.012003	-0.00403695	0.142353	0	0.5	0	1	0	1686.81	11.2315	img_PhysXCar__0_1658166050421055900.png
PhysXCar	1658166050508	-4.665	-18.0832	3.13432	0.986797	-0.0125237	-0.00453242	0.161412	0	0.5	0	1	0	1608.8	10.9544	img_PhysXCar__0_1658166050507126300.png
PhysXCar	1658166050592	-3.9867	-17.8242	3.13436	0.983456	-0.012818	-0.00498766	0.180623	0	0.5	0	1	0	1541.54	10.6755	img_PhysXCar__0_1658166050590769900.png
PhysXCar	1658166050674	-3.33701	-17.5442	3.1344	0.979703	-0.0129274	-0.00540098	0.199964	0	0.5	0	1	0	1483.39	10.3955	img_PhysXCar__0_1658166050673304400.png
PhysXCar	1658166050758	-2.71655	-17.2446	3.13442	0.975531	-0.0128897	-0.00577284	0.219408	0	0.5	0	1	0	1432.95	10.115	img_PhysXCar__0_1658166050756575800.png
PhysXCar	1658166050843	-2.12619	-16.9273	3.13445	0.97094	-0.0127366	-0.00610341	0.238907	0	0.5	0	1	0	1389.02	9.83483	img_PhysXCar__0_1658166050842218300.png
PhysXCar	1658166050931	-1.56623	-16.594	3.13446	0.96593	-0.0124942	-0.00639452	0.258424	0	0.5	0	1	0	1350.56	9.55539	img_PhysXCar__0_1658166050929447000.png
PhysXCar	1658166051020	-0.989205	-16.2133	3.13448	0.959976	-0.0121452	-0.00667062	0.27974	0	0.5	0	1	0	1313.76	9.25132	img_PhysXCar__0_1658166051017224500.png
PhysXCar	1658166051105	-0.48098	-15.8429	3.13449	0.953944	-0.0117659	-0.00688624	0.299674	0	0.5	0	1	0	1283.29	8.96768	img_PhysXCar__0_1658166051103548200.png
PhysXCar	1658166051189	-0.0168958	-15.4717	3.13449	0.947667	-0.0113521	-0.0070615	0.318979	0	0.5	0	1	0	1256.75	8.6934	img_PhysXCar__0_1658166051187795000.png
PhysXCar	1658166051273	0.416539	-15.0923	3.1345	0.941011	-0.0109036	-0.0072011	0.338125	0	0.5	0	1	0	1232.76	8.42159	img_PhysXCar__0_1658166051271588000.png
PhysXCar	1658166051357	0.81981	-14.7066	3.1345	0.933987	-0.0104285	-0.00730594	0.35708	0	0.5	0	1	0	1210.86	8.15254	img_PhysXCar__0_1658166051356154900.png
PhysXCar	1658166051441	1.19363	-14.3159	3.1345	0.926612	-0.00993243	-0.00737638	0.375815	0	0.5	0	1	0	1190.62	7.88632	img_PhysXCar__0_1658166051439586700.png
PhysXCar	1658166051526	1.53804	-13.9228	3.1345	0.918917	-0.00942181	-0.00741364	0.394267	0	0.5	0	1	0	1171.72	7.62375	img_PhysXCar__0_1658166051524769500.png
PhysXCar	1658166051609	1.85413	-13.5285	3.13449	0.910921	-0.0089006	-0.00741871	0.412419	0	0.5	0	1	0	1153.85	7.36464	img_PhysXCar__0_1658166051608226000.png
PhysXCar	1658166051694	2.14277	-13.1348	3.13449	0.902646	-0.00837345	-0.00739288	0.430239	0	0.5	0	1	0	1136.74	7.10968	img_PhysXCar__0_1658166051693083100.png
PhysXCar	1658166051777	2.40492	-12.7431	3.13448	0.894119	-0.00784449	-0.00733679	0.4477	0	0.5	0	1	0	1120.18	6.85782	img_PhysXCar__0_1658166051775523900.png
PhysXCar	1658166051857	2.64164	-12.3548	3.13447	0.885373	-0.00731682	-0.00725432	0.464766	0	0.5	0	1	0	1103.95	6.61351	img_PhysXCar__0_1658166051856312900.png
PhysXCar	1658166051939	2.85412	-11.9711	3.13446	0.87641	-0.00679697	-0.00714066	0.481466	0	0.5	0	1	0	1087.96	6.36231	img_PhysXCar__0_1658166051937408300.png
PhysXCar	1658166052020	3.0434	-11.5937	3.13445	0.867369	-0.00627754	-0.00701211	0.497577	0	0.5	0	1	0	1071.83	6.12698	img_PhysXCar__0_1658166052018887900.png
PhysXCar	1658166052101	3.21816	-11.2057	3.13444	0.857372	-0.00573995	-0.00683562	0.514619	0	0.5	0	1	0	1055.06	5.87553	img_PhysXCar__0_1658166052099581800.png
PhysXCar	1658166052182	3.36385	-10.8442	3.13442	0.848187	-0.0052567	-0.00666118	0.529628	0	0.5	0	1	0	1038.56	5.63979	img_PhysXCar__0_1658166052180958300.png
PhysXCar	1658166052265	3.49008	-10.491	3.13441	0.838277	-0.00479675	-0.00647386	0.545185	0	0.5	0	1	0	1009.21	5.52989	img_PhysXCar__0_1658166052264263900.png
PhysXCar	1658166052349	3.60039	-10.1434	3.13436	0.829096	-0.00440964	-0.0061688	0.559055	0	0.5	0	1	0	984.772	5.29631	img_PhysXCar__0_1658166052348262100.png
PhysXCar	1658166052433	3.69368	-9.8058	3.13435	0.819522	-0.0039933	-0.00596466	0.573002	0	0.5	0	1	0	972.635	5.01527	img_PhysXCar__0_1658166052431794100.png
PhysXCar	1658166052517	3.77062	-9.48065	3.13435	0.810012	-0.00356619	-0.00580496	0.586374	0	0.5	0	1	0	955.852	4.85474	img_PhysXCar__0_1658166052515322100.png
PhysXCar	1658166052599	3.83546	-9.16475	3.13658	0.800535	-0.00317456	-0.00550745	0.599252	0	0.5	0	1	0	934.144	4.66124	img_PhysXCar__0_1658166052597496200.png
PhysXCar	1658166052680	3.8886	-8.85969	3.13673	0.791181	-0.00276641	-0.0052021	0.611554	0	0.5	0	1	0	910.773	4.47835	img_PhysXCar__0_1658166052678682700.png
PhysXCar	1658166052760	3.93045	-8.56514	3.13645	0.781925	-0.00241169	-0.00492284	0.623349	0	0.5	0	1	0	887.91	4.29893	img_PhysXCar__0_1658166052758519500.png
PhysXCar	1658166052841	3.96142	-8.28121	3.13615	0.772695	-0.00211991	-0.00468931	0.634756	0	0.5	0	1	0	866.039	4.1225	img_PhysXCar__0_1658166052839713400.png
PhysXCar	1658166052921	3.98214	-8.00801	3.13589	0.763449	-0.00187941	-0.00449046	0.645849	0	0.5	0	1	0	843.143	3.95401	img_PhysXCar__0_1658166052919880900.png
PhysXCar	1658166053003	3.99334	-7.74507	3.13568	0.753936	-0.0016947	-0.00429435	0.656931	0	0.5	0	1	0	812.305	3.81047	img_PhysXCar__0_1658166053001616900.png
PhysXCar	1658166053083	3.99558	-7.49122	3.13551	0.743985	-0.00156944	-0.0040978	0.668182	0	0.5	0	1	0	782.211	3.67624	img_PhysXCar__0_1658166053081786500.png
PhysXCar	1658166053163	3.98958	-7.24625	3.13538	0.73394	-0.00146309	-0.0039248	0.679202	0	0.5	0	1	0	754.297	3.54603	img_PhysXCar__0_1658166053161100200.png
PhysXCar	1658166053244	3.97656	-7.01016	3.13527	0.724056	-0.00134058	-0.00373725	0.689729	0	0	0	1	0	727.558	3.44002	img_PhysXCar__0_1658166053242463700.png
PhysXCar	1658166053324	3.9693	-6.78165	3.13517	0.717869	-0.000776439	-0.00303853	0.696171	0	0	0	1	0	703.957	3.32054	img_PhysXCar__0_1658166053322391600.png
PhysXCar	1658166053405	3.97226	-6.56188	3.13511	0.716326	9.05165e-05	-0.00211386	0.697762	0	0	0	1	0	687.128	3.1855	img_PhysXCar__0_1658166053403714200.png
PhysXCar	1658166053485	3.97714	-6.35118	3.13507	0.71616	0.000686009	-0.00148081	0.697934	0	0	0	1	0	669.532	3.05596	img_PhysXCar__0_1658166053483585700.png
PhysXCar	1658166053564	3.98207	-6.14902	3.13503	0.716145	0.00101501	-0.00110367	0.69795	0	0	0	1	0	650.857	2.93269	img_PhysXCar__0_1658166053563335900.png
PhysXCar	1658166053645	3.9869	-5.955	3.135	0.716145	0.00116448	-0.000893663	0.69795	0	0	0	1	0	631.472	2.81527	img_PhysXCar__0_1658166053643966900.png
PhysXCar	1658166053728	3.99159	-5.7687	3.13498	0.716146	0.00120299	-0.000786548	0.697949	0	0	0	1	0	611.688	2.70319	img_PhysXCar__0_1658166053726482600.png
PhysXCar	1658166053808	3.99614	-5.58983	3.13495	0.716147	0.00117797	-0.000738108	0.697948	0	0	0	1	0	591.772	2.5961	img_PhysXCar__0_1658166053806722200.png
PhysXCar	1658166053888	3.99944	-5.46045	3.13598	0.716148	0.0011343	-0.000721584	0.697947	0	0	0	1	0	581.973	2.54361	img_PhysXCar__0_1658166053887222900.png
PhysXCar	1658166053945	4.00372	-5.29377	3.13596	0.716149	0.00106716	-0.000715191	0.697946	0	0	0	1	0	556.184	2.42148	img_PhysXCar__0_1658166053943492700.png
PhysXCar	1658166054026	4.00784	-5.13352	3.13506	0.716151	0.000993762	-0.000711232	0.697945	0	0	0	1	0	536.644	2.3269	img_PhysXCar__0_1658166054024667400.png
PhysXCar	1658166054105	4.01181	-4.97955	3.13485	0.716152	0.000927092	-0.000709956	0.697944	0	0	0	1	0	517.863	2.23551	img_PhysXCar__0_1658166054104366900.png
PhysXCar	1658166054185	4.01562	-4.83162	3.1348	0.716153	0.000866916	-0.000705099	0.697943	0	0	0	1	0	499.531	2.14772	img_PhysXCar__0_1658166054183558300.png
PhysXCar	1658166054264	4.01928	-4.68951	3.13479	0.716154	0.000813788	-0.000695537	0.697942	-1	0	0	-1	0	429.808	2.00394	img_PhysXCar__0_1658166054263138100.png
PhysXCar	1658166054345	4.02261	-4.56059	3.1349	0.716156	0.00102544	-0.000946274	0.697939	-1	0	0	-1	0	352.014	1.67077	img_PhysXCar__0_1658166054343750900.png
PhysXCar	1658166054424	4.02536	-4.45411	3.13505	0.716159	0.00136037	-0.00131416	0.697934	0	0	0	0	0	420.788	1.47503	img_PhysXCar__0_1658166054423007000.png
PhysXCar	1658166054505	4.02791	-4.35519	3.135	0.71616	0.00120481	-0.00117122	0.697934	0	0	0	0	0	443.269	1.48465	img_PhysXCar__0_1658166054503334400.png
PhysXCar	1658166054585	4.03048	-4.25578	3.1349	0.71616	0.000937309	-0.000907489	0.697935	0	0	0	0	0	433.06	1.48327	img_PhysXCar__0_1658166054583751400.png
PhysXCar	1658166054666	4.03304	-4.15653	3.13481	0.716161	0.000713612	-0.000684469	0.697935	0	0	0	0	0	423.087	1.48198	img_PhysXCar__0_1658166054664600200.png
PhysXCar	1658166054747	4.03559	-4.05747	3.13475	0.716161	0.000540716	-0.000510648	0.697935	0	0	0	0	0	413.343	1.48069	img_PhysXCar__0_1658166054745167500.png
PhysXCar	1658166054827	4.03824	-3.95484	3.13486	0.716161	0.000405703	-0.000373981	0.697935	0	0	0	0	0	403.47	1.47934	img_PhysXCar__0_1658166054825746900.png
PhysXCar	1658166054907	4.04079	-3.85609	3.13469	0.716161	0.00030948	-0.000275915	0.697935	0	0	0	0	0	394.178	1.47808	img_PhysXCar__0_1658166054905593700.png
PhysXCar	1658166054987	4.04333	-3.75747	3.13463	0.716161	0.000237523	-0.00020214	0.697935	0	0	0	0	0	385.1	1.47681	img_PhysXCar__0_1658166054985984700.png
PhysXCar	1658166055067	4.04587	-3.65896	3.1346	0.716161	0.000183718	-0.000146712	0.697935	0	0	0	0	0	376.231	1.47555	img_PhysXCar__0_1658166055066281800.png
PhysXCar	1658166055148	4.0484	-3.56057	3.13459	0.716161	0.00014338	-0.00010496	0.697935	0	0	0	0	0	367.566	1.47429	img_PhysXCar__0_1658166055146378400.png
PhysXCar	1658166055230	4.05094	-3.46227	3.13458	0.716161	0.000113268	-7.37149e-05	0.697935	0	0	0	0	0	359.101	1.47303	img_PhysXCar__0_1658166055228369100.png
PhysXCar	1658166055310	4.05347	-3.36408	3.13457	0.716161	9.07829e-05	-5.02685e-05	0.697935	0	0	0	0	0	350.83	1.47177	img_PhysXCar__0_1658166055308483400.png
PhysXCar	1658166055389	4.056	-3.26598	3.13457	0.716161	7.39844e-05	-3.27657e-05	0.697935	0	0	0	0	0	342.751	1.47052	img_PhysXCar__0_1658166055388146900.png
PhysXCar	1658166055469	4.05853	-3.16797	3.13456	0.716161	6.14293e-05	-1.96999e-05	0.697935	0	0	0	0	0	334.857	1.46926	img_PhysXCar__0_1658166055467683400.png
PhysXCar	1658166055550	4.06105	-3.07005	3.13456	0.716161	5.20664e-05	-9.93185e-06	0.697935	0	0	0	0	0	327.146	1.46801	img_PhysXCar__0_1658166055548694400.png
PhysXCar	1658166055631	4.06357	-2.97221	3.13456	0.716161	4.4833e-05	-2.41629e-06	0.697935	0	0	0	0	0	319.611	1.46677	img_PhysXCar__0_1658166055629602600.png
PhysXCar	1658166055714	4.06609	-2.87447	3.13456	0.716161	3.96759e-05	2.96133e-06	0.697935	0	0	0	0	0	312.251	1.46552	img_PhysXCar__0_1658166055713096400.png
PhysXCar	1658166055794	4.06861	-2.77681	3.13456	0.716161	3.56293e-05	7.17406e-06	0.697935	0	0	0	0	0	305.059	1.46427	img_PhysXCar__0_1658166055792656600.png
PhysXCar	1658166055874	4.07113	-2.67904	3.13456	0.716161	3.26411e-05	1.02544e-05	0.697935	0	0	0	0	0	298.02	1.46303	img_PhysXCar__0_1658166055873275600.png
PhysXCar	1658166055955	4.07364	-2.58155	3.13455	0.716161	3.04518e-05	1.25318e-05	0.697935	0	0	0	0	0	291.157	1.46178	img_PhysXCar__0_1658166055953828100.png
PhysXCar	1658166056036	4.07616	-2.48414	3.13455	0.716161	2.87517e-05	1.42874e-05	0.697935	0	0	0	0	0	284.452	1.46054	img_PhysXCar__0_1658166056034694000.png
PhysXCar	1658166056116	4.07866	-2.38682	3.13455	0.716161	2.80209e-05	1.499e-05	0.697935	0	0	0	0	0	277.9	1.4593	img_PhysXCar__0_1658166056114623800.png
PhysXCar	1658166056197	4.08117	-2.28958	3.13455	0.716161	2.69124e-05	1.61569e-05	0.697935	0	0	0	0	0	271.5	1.45806	img_PhysXCar__0_1658166056195411200.png
PhysXCar	1658166056277	4.0838	-2.18757	3.13479	0.716161	2.61757e-05	1.69371e-05	0.697935	0	0	0	0	0	264.939	1.45676	img_PhysXCar__0_1658166056275736400.png
PhysXCar	1658166056357	4.0863	-2.0905	3.13459	0.716161	2.5426e-05	1.77046e-05	0.697935	0	0	0	0	0	258.838	1.45552	img_PhysXCar__0_1658166056356323100.png
PhysXCar	1658166056438	4.0888	-1.99351	3.13454	0.716161	2.5426e-05	1.77046e-05	0.697935	0	0	0	0	0	252.877	1.45428	img_PhysXCar__0_1658166056436690200.png
PhysXCar	1658166056518	4.0913	-1.89661	3.13454	0.716161	2.4663e-05	1.8459e-05	0.697935	0	0	0	0	0	247.053	1.45305	img_PhysXCar__0_1658166056516865400.png
PhysXCar	1658166056601	4.0938	-1.79979	3.13454	0.716161	2.4663e-05	1.8459e-05	0.697935	0	0	0	0	0	241.363	1.45181	img_PhysXCar__0_1658166056600307500.png
PhysXCar	1658166056685	4.09629	-1.70305	3.13454	0.716161	2.4663e-05	1.8459e-05	0.697935	0	0	0	0	0	235.805	1.45058	img_PhysXCar__0_1658166056683350700.png
PhysXCar	1658166056768	4.09878	-1.60639	3.13454	0.716161	2.41064e-05	1.89986e-05	0.697935	0	0	0	0	0	230.374	1.44935	img_PhysXCar__0_1658166056767218500.png
PhysXCar	1658166056851	4.10128	-1.50981	3.13455	0.716161	2.41064e-05	1.89986e-05	0.697935	0	0	0	0	0	225.068	1.44812	img_PhysXCar__0_1658166056849673000.png
PhysXCar	1658166056932	4.10376	-1.41331	3.13455	0.716161	2.41064e-05	1.89986e-05	0.697935	0	0	0	0	0	219.885	1.44689	img_PhysXCar__0_1658166056931335100.png
PhysXCar	1658166057013	4.10625	-1.31689	3.13455	0.716161	2.41064e-05	1.89986e-05	0.697935	0	0	0	0	0	214.82	1.44566	img_PhysXCar__0_1658166057011488600.png
PhysXCar	1658166057094	4.10873	-1.22056	3.13455	0.716161	2.41064e-05	1.89986e-05	0.697935	0	0	0	0	0	209.873	1.44443	img_PhysXCar__0_1658166057092844000.png
PhysXCar	1658166057174	4.11121	-1.12431	3.13455	0.716161	2.41064e-05	1.89986e-05	0.697935	0	0	0	0	0	205.039	1.4432	img_PhysXCar__0_1658166057172717600.png
PhysXCar	1658166057255	4.11369	-1.02814	3.13455	0.716161	2.41064e-05	1.89986e-05	0.697935	0	0	0	0	0	200.317	1.44198	img_PhysXCar__0_1658166057253485800.png
PhysXCar	1658166057335	4.11617	-0.932059	3.13455	0.716161	2.41064e-05	1.89986e-05	0.697935	0	0	0	0	0	195.704	1.44075	img_PhysXCar__0_1658166057334038600.png
PhysXCar	1658166057416	4.11864	-0.836057	3.13455	0.716161	2.41064e-05	1.89986e-05	0.697935	0	0	0	0	0	191.197	1.43953	img_PhysXCar__0_1658166057414530500.png
PhysXCar	1658166057497	4.12112	-0.740136	3.13455	0.716161	2.41064e-05	1.89986e-05	0.697935	0	0	0	0	0	186.794	1.4383	img_PhysXCar__0_1658166057496161200.png
PhysXCar	1658166057577	4.12359	-0.644297	3.13455	0.716161	2.41064e-05	1.89986e-05	0.697935	0	0	0	0	0	182.492	1.43708	img_PhysXCar__0_1658166057575760100.png
PhysXCar	1658166057657	4.12606	-0.548538	3.13455	0.716161	2.41064e-05	1.89986e-05	0.697935	0	0	0	0	0	178.289	1.43586	img_PhysXCar__0_1658166057656334000.png
PhysXCar	1658166057738	4.12852	-0.452861	3.13455	0.716161	2.41064e-05	1.89986e-05	0.697935	0	0	0	0	0	174.183	1.43464	img_PhysXCar__0_1658166057736639500.png
PhysXCar	1658166057817	4.13099	-0.357264	3.13455	0.716161	2.41064e-05	1.89986e-05	0.697935	0	0	0	0	0	170.171	1.43343	img_PhysXCar__0_1658166057816216300.png
PhysXCar	1658166057899	4.13345	-0.26175	3.13455	0.716161	2.41064e-05	1.89986e-05	0.697935	0	0	0	0	0	166.252	1.43221	img_PhysXCar__0_1658166057898143500.png
PhysXCar	1658166057982	4.13591	-0.166317	3.13455	0.716161	2.41064e-05	1.89986e-05	0.697935	0	0	0	0	0	162.423	1.43099	img_PhysXCar__0_1658166057981140300.png
PhysXCar	1658166058064	4.13837	-0.0709642	3.13455	0.716161	2.41064e-05	1.89986e-05	0.697935	0	0	0	0	0	158.683	1.42978	img_PhysXCar__0_1658166058062952500.png
PhysXCar	1658166058146	4.14083	0.0243067	3.13455	0.716161	2.41064e-05	1.89986e-05	0.697935	0	0	0	0	0	155.028	1.42856	img_PhysXCar__0_1658166058144215200.png
PhysXCar	1658166058228	4.14328	0.119497	3.13455	0.716161	2.41064e-05	1.89986e-05	0.697935	0	0	0	0	0	151.458	1.42735	img_PhysXCar__0_1658166058226584800.png
PhysXCar	1658166058310	4.14573	0.214608	3.13455	0.716161	2.41064e-05	1.89986e-05	0.697935	0	0	0	0	0	147.97	1.42614	img_PhysXCar__0_1658166058309227300.png
PhysXCar	1658166058393	4.14818	0.309638	3.13455	0.716161	2.41064e-05	1.89986e-05	0.697935	0	0	0	0	0	144.562	1.42492	img_PhysXCar__0_1658166058391165000.png
PhysXCar	1658166058476	4.15063	0.404586	3.13455	0.716161	2.41064e-05	1.89986e-05	0.697935	0	0	0	0	0	141.233	1.42371	img_PhysXCar__0_1658166058474254400.png
PhysXCar	1658166058558	4.15308	0.499453	3.13455	0.716161	2.41064e-05	1.89986e-05	0.697935	0	0	0	0	0	137.98	1.4225	img_PhysXCar__0_1658166058556214200.png
PhysXCar	1658166058641	4.15552	0.594259	3.13455	0.716161	2.41064e-05	1.89986e-05	0.697935	0	0	0	0	0	134.802	1.4213	img_PhysXCar__0_1658166058639286500.png
